(??)
N=6428287

ni=235275: nQi=0.852853,  Qi=0.147147


