(??)
N = 16231271

ni=235353: nQi=0.977385,  Qi=0.022615


