(??)
N=9709

ni=53: nQi=0.999712,  Qi=0.000288


