(??)
N=115589

ni=1503: nQi=0.982649,  Qi=0.017351

