(??)
N=4929090

ni=47812: nQi=0.992141,  Qi=0.007859

