N=2987

ni=89£ºnQi=0.898835, Qi=0.101165

ni=25£ºnQi=0.995523,  Qi=0.004477

ni=24£ºnQi=0.996170,  Qi=0.003830

ni=19£ºnQi=0.998864,  Qi=0.001136

ni=14£º1.0,  0

SCP=0.109629