(??)
N=4932688

ni=89775: nQi=0.962170,  Qi=0.037830

