(??)
N=32603388

ni=290729: nQi=0.993942,  Qi=0.006058


