N=16250

ni=221£ºnQi=0.980711,  Qi=0.019289

ni=63£º1.0,  0

SCP=0.019289