(??)
N=30233633

ni=1203299: nQi=0.830192,  Qi=0.169808


