(??)
N=1261810

ni=39177: nQi=0.890256,  Qi=0.109744
